Introducing contestants...
* Player 1, weighing 33 bytes, "zork
      .lll" ("just a basic living prog") !
* Player 2, weighing 33 bytes, "zork
      .lll" ("just a basic living prog") !
* Player 3, weighing 33 bytes, "zork
      .lll" ("just a basic living prog") !
P    3 | live 1
P    2 | live 1
P    1 | live 1
P    3 | sti r1 20 9
       | -> store to 20 + 9 = 29 (with pc and mod 2764)
P    2 | sti r1 20 9
       | -> store to 20 + 9 = 29 (with pc and mod 1399)
P    1 | sti r1 20 9
       | -> store to 20 + 9 = 29 (with pc and mod 34)
P    3 | and -3 -12 r1
P    2 | and -2 -12 r1
P    1 | and -1 -12 r1
P    3 | ld 16777216 r1
P    2 | ld 16777216 r1
P    1 | ld 16777216 r1
P    3 | live 0
P    2 | live 0
P    1 | live 0
P    3 | zjmp -5 FAILED
P    2 | zjmp -5 FAILED
P    1 | zjmp -5 FAILED
P    2 | live 1
P    1 | live 1
P    3 | live 1
P    2 | sti r1 20 9
       | -> store to 20 + 9 = 29 (with pc and mod 2764)
P    1 | sti r1 20 9
       | -> store to 20 + 9 = 29 (with pc and mod 1399)
P    3 | sti r1 20 9
       | -> store to 20 + 9 = 29 (with pc and mod 34)
P    2 | and 16777216 -12 r1
P    1 | and 16777216 -12 r1
P    3 | and 16777216 -12 r1
P    2 | ld 16777216 r1
P    1 | ld 16777216 r1
P    3 | ld 16777216 r1
P    2 | live 0
P    1 | live 0
P    3 | live 0
P    2 | zjmp -5 FAILED
P    1 | zjmp -5 FAILED
P    3 | zjmp -5 FAILED
P    2 | live 0
P    1 | live 0
P    3 | live 0
P    1 | live 1
P    3 | live 1
P    2 | live 1
P    1 | sti r1 20 9
       | -> store to 20 + 9 = 29 (with pc and mod 2764)
P    3 | sti r1 20 9
       | -> store to 20 + 9 = 29 (with pc and mod 1399)
P    2 | sti r1 20 9
       | -> store to 20 + 9 = 29 (with pc and mod 34)
P    1 | and 16777216 -12 r1
P    3 | and 16777216 -12 r1
P    2 | and 16777216 -12 r1
P    1 | ld 16777216 r1
P    3 | ld 16777216 r1
P    2 | ld 16777216 r1
P    1 | live 0
P    3 | live 0
P    2 | live 0
P    1 | zjmp -5 FAILED
P    3 | zjmp -5 FAILED
P    2 | zjmp -5 FAILED
P    1 | live 0
P    3 | live 0
P    2 | live 0
P    3 | live 1
P    2 | live 1
P    1 | live 1
P    3 | sti r1 20 9
       | -> store to 20 + 9 = 29 (with pc and mod 2764)
P    2 | sti r1 20 9
       | -> store to 20 + 9 = 29 (with pc and mod 1399)
P    1 | sti r1 20 9
       | -> store to 20 + 9 = 29 (with pc and mod 34)
P    3 | and 16777216 -12 r1
P    2 | and 16777216 -12 r1
P    1 | and 16777216 -12 r1
P    3 | ld 16777216 r1
P    2 | ld 16777216 r1
P    1 | ld 16777216 r1
P    3 | live 0
P    2 | live 0
P    1 | live 0
P    3 | zjmp -5 FAILED
P    2 | zjmp -5 FAILED
P    1 | zjmp -5 FAILED
P    3 | live 0
P    2 | live 0
P    1 | live 0
P    2 | live 1
P    1 | live 1
P    3 | live 1
P    2 | sti r1 20 9
       | -> store to 20 + 9 = 29 (with pc and mod 2764)
P    1 | sti r1 20 9
       | -> store to 20 + 9 = 29 (with pc and mod 1399)
P    3 | sti r1 20 9
       | -> store to 20 + 9 = 29 (with pc and mod 34)
P    2 | and 16777216 -12 r1
P    1 | and 16777216 -12 r1
P    3 | and 16777216 -12 r1
P    2 | ld 16777216 r1
P    1 | ld 16777216 r1
P    3 | ld 16777216 r1
P    2 | live 0
P    1 | live 0
P    3 | live 0
P    2 | zjmp -5 FAILED
P    1 | zjmp -5 FAILED
P    3 | zjmp -5 FAILED
P    2 | live 0
P    1 | live 0
P    3 | live 0
P    1 | live 1
P    3 | live 1
P    2 | live 1
P    1 | sti r1 20 9
       | -> store to 20 + 9 = 29 (with pc and mod 2764)
P    3 | sti r1 20 9
       | -> store to 20 + 9 = 29 (with pc and mod 1399)
P    2 | sti r1 20 9
       | -> store to 20 + 9 = 29 (with pc and mod 34)
P    1 | and 16777216 -12 r1
P    3 | and 16777216 -12 r1
P    2 | and 16777216 -12 r1
P    1 | ld 16777216 r1
P    3 | ld 16777216 r1
P    2 | ld 16777216 r1
P    1 | live 0
P    3 | live 0
P    2 | live 0
P    1 | zjmp -5 FAILED
P    3 | zjmp -5 FAILED
P    2 | zjmp -5 FAILED
P    1 | live 0
P    3 | live 0
P    2 | live 0
P    3 | live 1
P    2 | live 1
P    1 | live 1
P    3 | sti r1 20 9
       | -> store to 20 + 9 = 29 (with pc and mod 2764)
P    2 | sti r1 20 9
       | -> store to 20 + 9 = 29 (with pc and mod 1399)
P    1 | sti r1 20 9
       | -> store to 20 + 9 = 29 (with pc and mod 34)
P    3 | and 16777216 -12 r1
P    2 | and 16777216 -12 r1
P    1 | and 16777216 -12 r1
P    3 | ld 16777216 r1
P    2 | ld 16777216 r1
P    1 | ld 16777216 r1
P    3 | live 0
P    2 | live 0
P    1 | live 0
P    3 | zjmp -5 FAILED
P    2 | zjmp -5 FAILED
P    1 | zjmp -5 FAILED
P    3 | live 0
P    2 | live 0
P    1 | live 0
P    2 | live 1
P    1 | live 1
P    3 | live 1
P    2 | sti r1 20 9
       | -> store to 20 + 9 = 29 (with pc and mod 2764)
P    1 | sti r1 20 9
       | -> store to 20 + 9 = 29 (with pc and mod 1399)
P    3 | sti r1 20 9
       | -> store to 20 + 9 = 29 (with pc and mod 34)
P    2 | and 16777216 -12 r1
P    1 | and 16777216 -12 r1
P    3 | and 16777216 -12 r1
P    2 | ld 16777216 r1
P    1 | ld 16777216 r1
P    3 | ld 16777216 r1
P    2 | live 0
P    1 | live 0
P    3 | live 0
P    2 | zjmp -5 FAILED
P    1 | zjmp -5 FAILED
P    3 | zjmp -5 FAILED
P    2 | live 0
P    1 | live 0
P    3 | live 0
P    1 | live 1
P    3 | live 1
P    2 | live 1
P    1 | sti r1 20 9
       | -> store to 20 + 9 = 29 (with pc and mod 2764)
P    3 | sti r1 20 9
       | -> store to 20 + 9 = 29 (with pc and mod 1399)
P    2 | sti r1 20 9
       | -> store to 20 + 9 = 29 (with pc and mod 34)
P    1 | and 16777216 -12 r1
P    3 | and 16777216 -12 r1
P    2 | and 16777216 -12 r1
P    1 | ld 16777216 r1
P    3 | ld 16777216 r1
P    2 | ld 16777216 r1
P    1 | live 0
P    3 | live 0
P    2 | live 0
P    1 | zjmp -5 FAILED
P    3 | zjmp -5 FAILED
P    2 | zjmp -5 FAILED
P    1 | live 0
P    3 | live 0
P    2 | live 0
P    3 | live 1
P    2 | live 1
P    1 | live 1
P    3 | sti r1 20 9
       | -> store to 20 + 9 = 29 (with pc and mod 2764)
P    2 | sti r1 20 9
       | -> store to 20 + 9 = 29 (with pc and mod 1399)
P    1 | sti r1 20 9
       | -> store to 20 + 9 = 29 (with pc and mod 34)
P    3 | and 16777216 -12 r1
P    2 | and 16777216 -12 r1
P    1 | and 16777216 -12 r1
P    3 | ld 16777216 r1
P    2 | ld 16777216 r1
P    1 | ld 16777216 r1
P    3 | live 0
P    2 | live 0
P    1 | live 0
P    3 | zjmp -5 FAILED
P    2 | zjmp -5 FAILED
P    1 | zjmp -5 FAILED
P    3 | live 0
P    2 | live 0
P    1 | live 0
P    2 | live 1
P    1 | live 1
P    3 | live 1
P    2 | sti r1 20 9
       | -> store to 20 + 9 = 29 (with pc and mod 2764)
P    1 | sti r1 20 9
       | -> store to 20 + 9 = 29 (with pc and mod 1399)
P    3 | sti r1 20 9
       | -> store to 20 + 9 = 29 (with pc and mod 34)
P    2 | and 16777216 -12 r1
P    1 | and 16777216 -12 r1
P    3 | and 16777216 -12 r1
P    2 | ld 16777216 r1
P    1 | ld 16777216 r1
P    3 | ld 16777216 r1
P    2 | live 0
P    1 | live 0
P    3 | live 0
P    2 | zjmp -5 FAILED
P    1 | zjmp -5 FAILED
P    3 | zjmp -5 FAILED
P    2 | live 0
P    1 | live 0
P    3 | live 0
P    1 | live 1
P    3 | live 1
P    2 | live 1
P    1 | sti r1 20 9
       | -> store to 20 + 9 = 29 (with pc and mod 2764)
P    3 | sti r1 20 9
       | -> store to 20 + 9 = 29 (with pc and mod 1399)
P    2 | sti r1 20 9
       | -> store to 20 + 9 = 29 (with pc and mod 34)
P    1 | and 16777216 -12 r1
P    3 | and 16777216 -12 r1
P    2 | and 16777216 -12 r1
P    1 | ld 16777216 r1
P    3 | ld 16777216 r1
P    2 | ld 16777216 r1
P    1 | live 0
P    3 | live 0
P    2 | live 0
P    1 | zjmp -5 FAILED
P    3 | zjmp -5 FAILED
P    2 | zjmp -5 FAILED
P    1 | live 0
P    3 | live 0
P    2 | live 0
P    3 | live 1
P    2 | live 1
P    1 | live 1
P    3 | sti r1 20 9
       | -> store to 20 + 9 = 29 (with pc and mod 2764)
P    2 | sti r1 20 9
       | -> store to 20 + 9 = 29 (with pc and mod 1399)
P    1 | sti r1 20 9
       | -> store to 20 + 9 = 29 (with pc and mod 34)
P    3 | and 16777216 -12 r1
P    2 | and 16777216 -12 r1
P    1 | and 16777216 -12 r1
P    3 | ld 16777216 r1
P    2 | ld 16777216 r1
P    1 | ld 16777216 r1
P    3 | live 0
P    2 | live 0
P    1 | live 0
P    3 | zjmp -5 FAILED
P    2 | zjmp -5 FAILED
P    1 | zjmp -5 FAILED
P    3 | live 0
P    2 | live 0
P    1 | live 0
P    2 | live 1
P    1 | live 1
P    3 | live 1
P    2 | sti r1 20 9
       | -> store to 20 + 9 = 29 (with pc and mod 2764)
P    1 | sti r1 20 9
       | -> store to 20 + 9 = 29 (with pc and mod 1399)
P    3 | sti r1 20 9
       | -> store to 20 + 9 = 29 (with pc and mod 34)
P    2 | and 16777216 -12 r1
P    1 | and 16777216 -12 r1
P    3 | and 16777216 -12 r1
P    2 | ld 16777216 r1
P    1 | ld 16777216 r1
P    3 | ld 16777216 r1
P    2 | live 0
P    1 | live 0
P    3 | live 0
P    2 | zjmp -5 FAILED
P    1 | zjmp -5 FAILED
P    3 | zjmp -5 FAILED
P    2 | live 0
P    1 | live 0
P    3 | live 0
P    1 | live 1
P    3 | live 1
P    2 | live 1
P    1 | sti r1 20 9
       | -> store to 20 + 9 = 29 (with pc and mod 2764)
P    3 | sti r1 20 9
       | -> store to 20 + 9 = 29 (with pc and mod 1399)
P    2 | sti r1 20 9
       | -> store to 20 + 9 = 29 (with pc and mod 34)
P    1 | and 16777216 -12 r1
P    3 | and 16777216 -12 r1
P    2 | and 16777216 -12 r1
P    1 | ld 16777216 r1
P    3 | ld 16777216 r1
P    2 | ld 16777216 r1
P    1 | live 0
P    3 | live 0
P    2 | live 0
P    1 | zjmp -5 FAILED
P    3 | zjmp -5 FAILED
P    2 | zjmp -5 FAILED
P    1 | live 0
P    3 | live 0
P    2 | live 0
P    3 | live 1
P    2 | live 1
P    1 | live 1
P    3 | sti r1 20 9
       | -> store to 20 + 9 = 29 (with pc and mod 2764)
P    2 | sti r1 20 9
       | -> store to 20 + 9 = 29 (with pc and mod 1399)
P    1 | sti r1 20 9
       | -> store to 20 + 9 = 29 (with pc and mod 34)
P    3 | and 16777216 -12 r1
P    2 | and 16777216 -12 r1
P    1 | and 16777216 -12 r1
P    3 | ld 16777216 r1
P    2 | ld 16777216 r1
P    1 | ld 16777216 r1
P    3 | live 0
P    2 | live 0
P    1 | live 0
P    3 | zjmp -5 FAILED
P    2 | zjmp -5 FAILED
P    1 | zjmp -5 FAILED
P    3 | live 0
P    2 | live 0
P    1 | live 0
P    2 | live 1
P    1 | live 1
P    3 | live 1
P    2 | sti r1 20 9
       | -> store to 20 + 9 = 29 (with pc and mod 2764)
P    1 | sti r1 20 9
       | -> store to 20 + 9 = 29 (with pc and mod 1399)
P    3 | sti r1 20 9
       | -> store to 20 + 9 = 29 (with pc and mod 34)
P    2 | and 16777216 -12 r1
P    1 | and 16777216 -12 r1
P    3 | and 16777216 -12 r1
P    2 | ld 16777216 r1
P    1 | ld 16777216 r1
P    3 | ld 16777216 r1
P    2 | live 0
P    1 | live 0
P    3 | live 0
P    2 | zjmp -5 FAILED
P    1 | zjmp -5 FAILED
P    3 | zjmp -5 FAILED
P    2 | live 0
P    1 | live 0
P    3 | live 0
P    1 | live 1
P    3 | live 1
P    2 | live 1
P    1 | sti r1 20 9
       | -> store to 20 + 9 = 29 (with pc and mod 2764)
P    3 | sti r1 20 9
       | -> store to 20 + 9 = 29 (with pc and mod 1399)
P    2 | sti r1 20 9
       | -> store to 20 + 9 = 29 (with pc and mod 34)
P    1 | and 16777216 -12 r1
P    3 | and 16777216 -12 r1
P    2 | and 16777216 -12 r1
P    1 | ld 16777216 r1
P    3 | ld 16777216 r1
P    2 | ld 16777216 r1
P    1 | live 0
P    3 | live 0
P    2 | live 0
P    1 | zjmp -5 FAILED
P    3 | zjmp -5 FAILED
P    2 | zjmp -5 FAILED
P    1 | live 0
P    3 | live 0
P    2 | live 0
P    3 | live 1
P    2 | live 1
P    1 | live 1
P    3 | sti r1 20 9
       | -> store to 20 + 9 = 29 (with pc and mod 2764)
P    2 | sti r1 20 9
       | -> store to 20 + 9 = 29 (with pc and mod 1399)
P    1 | sti r1 20 9
       | -> store to 20 + 9 = 29 (with pc and mod 34)
P    3 | and 16777216 -12 r1
P    2 | and 16777216 -12 r1
P    1 | and 16777216 -12 r1
P    3 | ld 16777216 r1
P    2 | ld 16777216 r1
P    1 | ld 16777216 r1
P    3 | live 0
P    2 | live 0
P    1 | live 0
P    3 | zjmp -5 FAILED
P    2 | zjmp -5 FAILED
P    1 | zjmp -5 FAILED
P    3 | live 0
P    2 | live 0
P    1 | live 0
P    2 | live 1
P    1 | live 1
P    3 | live 1
P    2 | sti r1 20 9
       | -> store to 20 + 9 = 29 (with pc and mod 2764)
P    1 | sti r1 20 9
       | -> store to 20 + 9 = 29 (with pc and mod 1399)
P    3 | sti r1 20 9
       | -> store to 20 + 9 = 29 (with pc and mod 34)
P    2 | and 16777216 -12 r1
P    1 | and 16777216 -12 r1
P    3 | and 16777216 -12 r1
P    2 | ld 16777216 r1
P    1 | ld 16777216 r1
P    3 | ld 16777216 r1
P    2 | live 0
P    1 | live 0
P    3 | live 0
P    2 | zjmp -5 FAILED
P    1 | zjmp -5 FAILED
P    3 | zjmp -5 FAILED
P    2 | live 0
P    1 | live 0
P    3 | live 0
P    1 | live 1
P    3 | live 1
P    2 | live 1
P    1 | sti r1 20 9
       | -> store to 20 + 9 = 29 (with pc and mod 2764)
P    3 | sti r1 20 9
       | -> store to 20 + 9 = 29 (with pc and mod 1399)
P    2 | sti r1 20 9
       | -> store to 20 + 9 = 29 (with pc and mod 34)
P    1 | and 16777216 -12 r1
P    3 | and 16777216 -12 r1
P    2 | and 16777216 -12 r1
P    1 | ld 16777216 r1
P    3 | ld 16777216 r1
P    2 | ld 16777216 r1
P    1 | live 0
P    3 | live 0
P    2 | live 0
P    1 | zjmp -5 FAILED
P    3 | zjmp -5 FAILED
P    2 | zjmp -5 FAILED
P    1 | live 0
P    3 | live 0
P    2 | live 0
P    3 | live 1
P    2 | live 1
P    1 | live 1
P    3 | sti r1 20 9
       | -> store to 20 + 9 = 29 (with pc and mod 2764)
P    2 | sti r1 20 9
       | -> store to 20 + 9 = 29 (with pc and mod 1399)
P    1 | sti r1 20 9
       | -> store to 20 + 9 = 29 (with pc and mod 34)
P    3 | and 16777216 -12 r1
P    2 | and 16777216 -12 r1
P    1 | and 16777216 -12 r1
P    3 | ld 16777216 r1
P    2 | ld 16777216 r1
P    1 | ld 16777216 r1
P    3 | live 0
P    2 | live 0
P    1 | live 0
P    3 | zjmp -5 FAILED
P    2 | zjmp -5 FAILED
P    1 | zjmp -5 FAILED
P    3 | live 0
P    2 | live 0
P    1 | live 0
P    2 | live 1
P    1 | live 1
P    3 | live 1
P    2 | sti r1 20 9
       | -> store to 20 + 9 = 29 (with pc and mod 2764)
P    1 | sti r1 20 9
       | -> store to 20 + 9 = 29 (with pc and mod 1399)
P    3 | sti r1 20 9
       | -> store to 20 + 9 = 29 (with pc and mod 34)
P    2 | and 16777216 -12 r1
P    1 | and 16777216 -12 r1
P    3 | and 16777216 -12 r1
P    2 | ld 16777216 r1
P    1 | ld 16777216 r1
P    3 | ld 16777216 r1
P    2 | live 0
P    1 | live 0
P    3 | live 0
P    2 | zjmp -5 FAILED
P    1 | zjmp -5 FAILED
P    3 | zjmp -5 FAILED
P    2 | live 0
P    1 | live 0
P    3 | live 0
P    1 | live 1
P    3 | live 1
P    2 | live 1
P    1 | sti r1 20 9
       | -> store to 20 + 9 = 29 (with pc and mod 2764)
P    3 | sti r1 20 9
       | -> store to 20 + 9 = 29 (with pc and mod 1399)
P    2 | sti r1 20 9
       | -> store to 20 + 9 = 29 (with pc and mod 34)
P    1 | and 16777216 -12 r1
P    3 | and 16777216 -12 r1
P    2 | and 16777216 -12 r1
P    1 | ld 16777216 r1
P    3 | ld 16777216 r1
P    2 | ld 16777216 r1
P    1 | live 0
P    3 | live 0
P    2 | live 0
P    1 | zjmp -5 FAILED
P    3 | zjmp -5 FAILED
P    2 | zjmp -5 FAILED
P    1 | live 0
P    3 | live 0
P    2 | live 0
P    3 | live 1
P    2 | live 1
P    1 | live 1
P    3 | sti r1 20 9
       | -> store to 20 + 9 = 29 (with pc and mod 2764)
P    2 | sti r1 20 9
       | -> store to 20 + 9 = 29 (with pc and mod 1399)
P    1 | sti r1 20 9
       | -> store to 20 + 9 = 29 (with pc and mod 34)
P    3 | and 16777216 -12 r1
P    2 | and 16777216 -12 r1
P    1 | and 16777216 -12 r1
P    3 | ld 16777216 r1
P    2 | ld 16777216 r1
P    1 | ld 16777216 r1
P    3 | live 0
P    2 | live 0
P    1 | live 0
P    3 | zjmp -5 FAILED
P    2 | zjmp -5 FAILED
P    1 | zjmp -5 FAILED
P    3 | live 0
P    2 | live 0
P    1 | live 0
P    2 | live 1
P    1 | live 1
P    3 | live 1
P    2 | sti r1 20 9
       | -> store to 20 + 9 = 29 (with pc and mod 2764)
P    1 | sti r1 20 9
       | -> store to 20 + 9 = 29 (with pc and mod 1399)
P    3 | sti r1 20 9
       | -> store to 20 + 9 = 29 (with pc and mod 34)
P    2 | and 16777216 -12 r1
P    1 | and 16777216 -12 r1
P    3 | and 16777216 -12 r1
P    2 | ld 16777216 r1
P    1 | ld 16777216 r1
P    3 | ld 16777216 r1
P    2 | live 0
P    1 | live 0
P    3 | live 0
P    2 | zjmp -5 FAILED
P    1 | zjmp -5 FAILED
P    3 | zjmp -5 FAILED
P    2 | live 0
P    1 | live 0
P    3 | live 0
P    1 | live 1
P    3 | live 1
P    2 | live 1
P    1 | sti r1 20 9
       | -> store to 20 + 9 = 29 (with pc and mod 2764)
P    3 | sti r1 20 9
       | -> store to 20 + 9 = 29 (with pc and mod 1399)
P    2 | sti r1 20 9
       | -> store to 20 + 9 = 29 (with pc and mod 34)
P    1 | and 16777216 -12 r1
P    3 | and 16777216 -12 r1
P    2 | and 16777216 -12 r1
P    1 | ld 16777216 r1
P    3 | ld 16777216 r1
P    2 | ld 16777216 r1
P    1 | live 0
P    3 | live 0
P    2 | live 0
P    1 | zjmp -5 FAILED
P    3 | zjmp -5 FAILED
P    2 | zjmp -5 FAILED
P    1 | live 0
P    3 | live 0
P    2 | live 0
P    3 | live 1
P    2 | live 1
P    1 | live 1
P    3 | sti r1 20 9
       | -> store to 20 + 9 = 29 (with pc and mod 2764)
P    2 | sti r1 20 9
       | -> store to 20 + 9 = 29 (with pc and mod 1399)
P    1 | sti r1 20 9
       | -> store to 20 + 9 = 29 (with pc and mod 34)
P    3 | and 16777216 -12 r1
P    2 | and 16777216 -12 r1
P    1 | and 16777216 -12 r1
P    3 | ld 16777216 r1
P    2 | ld 16777216 r1
P    1 | ld 16777216 r1
P    3 | live 0
P    2 | live 0
P    1 | live 0
P    3 | zjmp -5 FAILED
P    2 | zjmp -5 FAILED
P    1 | zjmp -5 FAILED
P    3 | live 0
P    2 | live 0
P    1 | live 0
P    2 | live 1
P    1 | live 1
P    3 | live 1
P    2 | sti r1 20 9
       | -> store to 20 + 9 = 29 (with pc and mod 2764)
P    1 | sti r1 20 9
       | -> store to 20 + 9 = 29 (with pc and mod 1399)
P    3 | sti r1 20 9
       | -> store to 20 + 9 = 29 (with pc and mod 34)
P    2 | and 16777216 -12 r1
P    1 | and 16777216 -12 r1
P    3 | and 16777216 -12 r1
P    2 | ld 16777216 r1
P    1 | ld 16777216 r1
P    3 | ld 16777216 r1
P    2 | live 0
P    1 | live 0
P    3 | live 0
P    2 | zjmp -5 FAILED
P    1 | zjmp -5 FAILED
P    3 | zjmp -5 FAILED
P    2 | live 0
P    1 | live 0
P    3 | live 0
P    1 | live 1
P    3 | live 1
P    2 | live 1
P    1 | sti r1 20 9
       | -> store to 20 + 9 = 29 (with pc and mod 2764)
P    3 | sti r1 20 9
       | -> store to 20 + 9 = 29 (with pc and mod 1399)
P    2 | sti r1 20 9
       | -> store to 20 + 9 = 29 (with pc and mod 34)
P    1 | and 16777216 -12 r1
P    3 | and 16777216 -12 r1
P    2 | and 16777216 -12 r1
P    1 | ld 16777216 r1
P    3 | ld 16777216 r1
P    2 | ld 16777216 r1
P    1 | live 0
P    3 | live 0
P    2 | live 0
P    1 | zjmp -5 FAILED
P    3 | zjmp -5 FAILED
P    2 | zjmp -5 FAILED
P    1 | live 0
P    3 | live 0
P    2 | live 0
P    3 | live 1
P    2 | live 1
P    1 | live 1
P    3 | sti r1 20 9
       | -> store to 20 + 9 = 29 (with pc and mod 2764)
P    2 | sti r1 20 9
       | -> store to 20 + 9 = 29 (with pc and mod 1399)
P    1 | sti r1 20 9
       | -> store to 20 + 9 = 29 (with pc and mod 34)
P    3 | and 16777216 -12 r1
P    2 | and 16777216 -12 r1
P    1 | and 16777216 -12 r1
P    3 | ld 16777216 r1
P    2 | ld 16777216 r1
P    1 | ld 16777216 r1
P    3 | live 0
P    2 | live 0
P    1 | live 0
P    3 | zjmp -5 FAILED
P    2 | zjmp -5 FAILED
P    1 | zjmp -5 FAILED
P    3 | live 0
P    2 | live 0
P    1 | live 0
P    2 | live 1
P    1 | live 1
P    3 | live 1
P    2 | sti r1 20 9
       | -> store to 20 + 9 = 29 (with pc and mod 2764)
P    1 | sti r1 20 9
       | -> store to 20 + 9 = 29 (with pc and mod 1399)
P    3 | sti r1 20 9
       | -> store to 20 + 9 = 29 (with pc and mod 34)
P    2 | and 16777216 -12 r1
P    1 | and 16777216 -12 r1
P    3 | and 16777216 -12 r1
P    2 | ld 16777216 r1
P    1 | ld 16777216 r1
P    3 | ld 16777216 r1
P    2 | live 0
P    1 | live 0
P    3 | live 0
P    2 | zjmp -5 FAILED
P    1 | zjmp -5 FAILED
P    3 | zjmp -5 FAILED
P    2 | live 0
P    1 | live 0
P    3 | live 0
P    1 | live 1
P    3 | live 1
P    2 | live 1
P    1 | sti r1 20 9
       | -> store to 20 + 9 = 29 (with pc and mod 2764)
P    3 | sti r1 20 9
       | -> store to 20 + 9 = 29 (with pc and mod 1399)
P    2 | sti r1 20 9
       | -> store to 20 + 9 = 29 (with pc and mod 34)
P    1 | and 16777216 -12 r1
P    3 | and 16777216 -12 r1
P    2 | and 16777216 -12 r1
P    1 | ld 16777216 r1
P    3 | ld 16777216 r1
P    2 | ld 16777216 r1
P    1 | live 0
P    3 | live 0
P    2 | live 0
P    1 | zjmp -5 FAILED
P    3 | zjmp -5 FAILED
P    2 | zjmp -5 FAILED
P    1 | live 0
P    3 | live 0
P    2 | live 0
P    3 | live 1
P    2 | live 1
P    1 | live 1
P    3 | sti r1 20 9
       | -> store to 20 + 9 = 29 (with pc and mod 2764)
P    2 | sti r1 20 9
       | -> store to 20 + 9 = 29 (with pc and mod 1399)
P    1 | sti r1 20 9
       | -> store to 20 + 9 = 29 (with pc and mod 34)
P    3 | and 16777216 -12 r1
P    2 | and 16777216 -12 r1
P    1 | and 16777216 -12 r1
P    3 | ld 16777216 r1
P    2 | ld 16777216 r1
P    1 | ld 16777216 r1
P    3 | live 0
P    2 | live 0
P    1 | live 0
P    3 | zjmp -5 FAILED
P    2 | zjmp -5 FAILED
P    1 | zjmp -5 FAILED
P    3 | live 0
P    2 | live 0
P    1 | live 0
P    2 | live 1
P    1 | live 1
P    3 | live 1
P    2 | sti r1 20 9
       | -> store to 20 + 9 = 29 (with pc and mod 2764)
P    1 | sti r1 20 9
       | -> store to 20 + 9 = 29 (with pc and mod 1399)
P    3 | sti r1 20 9
       | -> store to 20 + 9 = 29 (with pc and mod 34)
P    2 | and 16777216 -12 r1
P    1 | and 16777216 -12 r1
P    3 | and 16777216 -12 r1
P    2 | ld 16777216 r1
P    1 | ld 16777216 r1
P    3 | ld 16777216 r1
P    2 | live 0
P    1 | live 0
P    3 | live 0
P    2 | zjmp -5 FAILED
P    1 | zjmp -5 FAILED
P    3 | zjmp -5 FAILED
P    2 | live 0
P    1 | live 0
P    3 | live 0
P    1 | live 1
P    3 | live 1
P    2 | live 1
P    1 | sti r1 20 9
       | -> store to 20 + 9 = 29 (with pc and mod 2764)
P    3 | sti r1 20 9
       | -> store to 20 + 9 = 29 (with pc and mod 1399)
P    2 | sti r1 20 9
       | -> store to 20 + 9 = 29 (with pc and mod 34)
P    1 | and 16777216 -12 r1
P    3 | and 16777216 -12 r1
P    2 | and 16777216 -12 r1
P    1 | ld 16777216 r1
P    3 | ld 16777216 r1
P    2 | ld 16777216 r1
P    1 | live 0
P    3 | live 0
P    2 | live 0
P    1 | zjmp -5 FAILED
P    3 | zjmp -5 FAILED
P    2 | zjmp -5 FAILED
P    1 | live 0
P    3 | live 0
P    2 | live 0
P    3 | live 1
P    2 | live 1
P    1 | live 1
P    3 | sti r1 20 9
       | -> store to 20 + 9 = 29 (with pc and mod 2764)
P    2 | sti r1 20 9
       | -> store to 20 + 9 = 29 (with pc and mod 1399)
P    1 | sti r1 20 9
       | -> store to 20 + 9 = 29 (with pc and mod 34)
P    3 | and 16777216 -12 r1
P    2 | and 16777216 -12 r1
P    1 | and 16777216 -12 r1
P    3 | ld 16777216 r1
P    2 | ld 16777216 r1
P    1 | ld 16777216 r1
P    3 | live 0
P    2 | live 0
P    1 | live 0
P    3 | zjmp -5 FAILED
P    2 | zjmp -5 FAILED
P    1 | zjmp -5 FAILED
P    3 | live 0
P    2 | live 0
P    1 | live 0
P    2 | live 1
P    1 | live 1
P    3 | live 1
P    2 | sti r1 20 9
       | -> store to 20 + 9 = 29 (with pc and mod 2764)
P    1 | sti r1 20 9
       | -> store to 20 + 9 = 29 (with pc and mod 1399)
P    3 | sti r1 20 9
       | -> store to 20 + 9 = 29 (with pc and mod 34)
P    2 | and 16777216 -12 r1
P    1 | and 16777216 -12 r1
P    3 | and 16777216 -12 r1
P    2 | ld 16777216 r1
P    1 | ld 16777216 r1
P    3 | ld 16777216 r1
P    2 | live 0
P    1 | live 0
P    3 | live 0
P    2 | zjmp -5 FAILED
P    1 | zjmp -5 FAILED
P    3 | zjmp -5 FAILED
P    2 | live 0
P    1 | live 0
P    3 | live 0
P    1 | live 1
P    3 | live 1
P    2 | live 1
P    1 | sti r1 20 9
       | -> store to 20 + 9 = 29 (with pc and mod 2764)
P    3 | sti r1 20 9
       | -> store to 20 + 9 = 29 (with pc and mod 1399)
P    2 | sti r1 20 9
       | -> store to 20 + 9 = 29 (with pc and mod 34)
P    1 | and 16777216 -12 r1
P    3 | and 16777216 -12 r1
P    2 | and 16777216 -12 r1
P    1 | ld 16777216 r1
P    3 | ld 16777216 r1
P    2 | ld 16777216 r1
P    1 | live 0
P    3 | live 0
P    2 | live 0
P    1 | zjmp -5 FAILED
P    3 | zjmp -5 FAILED
P    2 | zjmp -5 FAILED
P    1 | live 0
P    3 | live 0
P    2 | live 0
P    3 | live 1
P    2 | live 1
P    1 | live 1
P    3 | sti r1 20 9
       | -> store to 20 + 9 = 29 (with pc and mod 2764)
P    2 | sti r1 20 9
       | -> store to 20 + 9 = 29 (with pc and mod 1399)
P    1 | sti r1 20 9
       | -> store to 20 + 9 = 29 (with pc and mod 34)
P    3 | and 16777216 -12 r1
P    2 | and 16777216 -12 r1
P    1 | and 16777216 -12 r1
P    3 | ld 16777216 r1
P    2 | ld 16777216 r1
P    1 | ld 16777216 r1
P    3 | live 0
P    2 | live 0
P    1 | live 0
P    3 | zjmp -5 FAILED
P    2 | zjmp -5 FAILED
P    1 | zjmp -5 FAILED
P    3 | live 0
P    2 | live 0
P    1 | live 0
P    2 | live 1
P    1 | live 1
P    3 | live 1
P    2 | sti r1 20 9
       | -> store to 20 + 9 = 29 (with pc and mod 2764)
P    1 | sti r1 20 9
       | -> store to 20 + 9 = 29 (with pc and mod 1399)
P    3 | sti r1 20 9
       | -> store to 20 + 9 = 29 (with pc and mod 34)
P    2 | and 16777216 -12 r1
P    1 | and 16777216 -12 r1
P    3 | and 16777216 -12 r1
P    2 | ld 16777216 r1
P    1 | ld 16777216 r1
P    3 | ld 16777216 r1
P    2 | live 0
P    1 | live 0
P    3 | live 0
P    2 | zjmp -5 FAILED
P    1 | zjmp -5 FAILED
P    3 | zjmp -5 FAILED
P    2 | live 0
P    1 | live 0
P    3 | live 0
P    1 | live 1
P    3 | live 1
P    2 | live 1
P    1 | sti r1 20 9
       | -> store to 20 + 9 = 29 (with pc and mod 2764)
P    3 | sti r1 20 9
       | -> store to 20 + 9 = 29 (with pc and mod 1399)
P    2 | sti r1 20 9
       | -> store to 20 + 9 = 29 (with pc and mod 34)
P    1 | and 16777216 -12 r1
P    3 | and 16777216 -12 r1
P    2 | and 16777216 -12 r1
P    1 | ld 16777216 r1
P    3 | ld 16777216 r1
P    2 | ld 16777216 r1
P    1 | live 0
P    3 | live 0
P    2 | live 0
P    1 | zjmp -5 FAILED
P    3 | zjmp -5 FAILED
P    2 | zjmp -5 FAILED
P    1 | live 0
P    3 | live 0
P    2 | live 0
P    3 | live 1
P    2 | live 1
P    1 | live 1
P    3 | sti r1 20 9
       | -> store to 20 + 9 = 29 (with pc and mod 2764)
P    2 | sti r1 20 9
       | -> store to 20 + 9 = 29 (with pc and mod 1399)
P    1 | sti r1 20 9
       | -> store to 20 + 9 = 29 (with pc and mod 34)
P    3 | and 16777216 -12 r1
P    2 | and 16777216 -12 r1
P    1 | and 16777216 -12 r1
P    3 | ld 16777216 r1
P    2 | ld 16777216 r1
P    1 | ld 16777216 r1
P    3 | live 0
P    2 | live 0
P    1 | live 0
P    3 | zjmp -5 FAILED
P    2 | zjmp -5 FAILED
P    1 | zjmp -5 FAILED
P    3 | live 0
P    2 | live 0
P    1 | live 0
P    2 | live 1
P    1 | live 1
P    3 | live 1
P    2 | sti r1 20 9
       | -> store to 20 + 9 = 29 (with pc and mod 2764)
P    1 | sti r1 20 9
       | -> store to 20 + 9 = 29 (with pc and mod 1399)
P    3 | sti r1 20 9
       | -> store to 20 + 9 = 29 (with pc and mod 34)
P    2 | and 16777216 -12 r1
P    1 | and 16777216 -12 r1
P    3 | and 16777216 -12 r1
P    2 | ld 16777216 r1
P    1 | ld 16777216 r1
P    3 | ld 16777216 r1
P    2 | live 0
P    1 | live 0
P    3 | live 0
P    2 | zjmp -5 FAILED
P    1 | zjmp -5 FAILED
P    3 | zjmp -5 FAILED
P    2 | live 0
P    1 | live 0
P    3 | live 0
P    1 | live 1
P    3 | live 1
P    2 | live 1
P    1 | sti r1 20 9
       | -> store to 20 + 9 = 29 (with pc and mod 2764)
P    3 | sti r1 20 9
       | -> store to 20 + 9 = 29 (with pc and mod 1399)
P    2 | sti r1 20 9
       | -> store to 20 + 9 = 29 (with pc and mod 34)
P    1 | and 16777216 -12 r1
P    3 | and 16777216 -12 r1
P    2 | and 16777216 -12 r1
P    1 | ld 16777216 r1
P    3 | ld 16777216 r1
P    2 | ld 16777216 r1
P    1 | live 0
P    3 | live 0
P    2 | live 0
P    1 | zjmp -5 FAILED
P    3 | zjmp -5 FAILED
P    2 | zjmp -5 FAILED
P    1 | live 0
P    3 | live 0
P    2 | live 0
P    3 | live 1
P    2 | live 1
P    1 | live 1
P    3 | sti r1 20 9
       | -> store to 20 + 9 = 29 (with pc and mod 2764)
P    2 | sti r1 20 9
       | -> store to 20 + 9 = 29 (with pc and mod 1399)
P    1 | sti r1 20 9
       | -> store to 20 + 9 = 29 (with pc and mod 34)
P    3 | and 16777216 -12 r1
P    2 | and 16777216 -12 r1
P    1 | and 16777216 -12 r1
P    3 | ld 16777216 r1
P    2 | ld 16777216 r1
P    1 | ld 16777216 r1
P    3 | live 0
P    2 | live 0
P    1 | live 0
P    3 | zjmp -5 FAILED
P    2 | zjmp -5 FAILED
P    1 | zjmp -5 FAILED
P    3 | live 0
P    2 | live 0
P    1 | live 0
P    2 | live 1
P    1 | live 1
P    3 | live 1
P    2 | sti r1 20 9
       | -> store to 20 + 9 = 29 (with pc and mod 2764)
P    1 | sti r1 20 9
       | -> store to 20 + 9 = 29 (with pc and mod 1399)
P    3 | sti r1 20 9
       | -> store to 20 + 9 = 29 (with pc and mod 34)
P    2 | and 16777216 -12 r1
P    1 | and 16777216 -12 r1
P    3 | and 16777216 -12 r1
P    2 | ld 16777216 r1
P    1 | ld 16777216 r1
P    3 | ld 16777216 r1
P    2 | live 0
P    1 | live 0
P    3 | live 0
P    2 | zjmp -5 FAILED
P    1 | zjmp -5 FAILED
P    3 | zjmp -5 FAILED
P    2 | live 0
P    1 | live 0
P    3 | live 0
P    1 | live 1
P    3 | live 1
P    2 | live 1
P    1 | sti r1 20 9
       | -> store to 20 + 9 = 29 (with pc and mod 2764)
P    3 | sti r1 20 9
       | -> store to 20 + 9 = 29 (with pc and mod 1399)
P    2 | sti r1 20 9
       | -> store to 20 + 9 = 29 (with pc and mod 34)
P    1 | and 16777216 -12 r1
P    3 | and 16777216 -12 r1
P    2 | and 16777216 -12 r1
P    1 | ld 16777216 r1
P    3 | ld 16777216 r1
P    2 | ld 16777216 r1
P    1 | live 0
P    3 | live 0
P    2 | live 0
P    1 | zjmp -5 FAILED
P    3 | zjmp -5 FAILED
P    2 | zjmp -5 FAILED
P    1 | live 0
P    3 | live 0
P    2 | live 0
P    3 | live 1
P    2 | live 1
P    1 | live 1
P    3 | sti r1 20 9
       | -> store to 20 + 9 = 29 (with pc and mod 2764)
P    2 | sti r1 20 9
       | -> store to 20 + 9 = 29 (with pc and mod 1399)
P    1 | sti r1 20 9
       | -> store to 20 + 9 = 29 (with pc and mod 34)
P    3 | and 16777216 -12 r1
P    2 | and 16777216 -12 r1
P    1 | and 16777216 -12 r1
P    3 | ld 16777216 r1
P    2 | ld 16777216 r1
P    1 | ld 16777216 r1
P    3 | live 0
P    2 | live 0
P    1 | live 0
P    3 | zjmp -5 FAILED
P    2 | zjmp -5 FAILED
P    1 | zjmp -5 FAILED
P    3 | live 0
P    2 | live 0
P    1 | live 0
P    2 | live 1
P    1 | live 1
P    3 | live 1
P    2 | sti r1 20 9
       | -> store to 20 + 9 = 29 (with pc and mod 2764)
P    1 | sti r1 20 9
       | -> store to 20 + 9 = 29 (with pc and mod 1399)
P    3 | sti r1 20 9
       | -> store to 20 + 9 = 29 (with pc and mod 34)
P    2 | and 16777216 -12 r1
P    1 | and 16777216 -12 r1
P    3 | and 16777216 -12 r1
P    2 | ld 16777216 r1
P    1 | ld 16777216 r1
P    3 | ld 16777216 r1
P    2 | live 0
P    1 | live 0
P    3 | live 0
P    2 | zjmp -5 FAILED
P    1 | zjmp -5 FAILED
P    3 | zjmp -5 FAILED
P    2 | live 0
P    1 | live 0
P    3 | live 0
P    1 | live 1
P    3 | live 1
P    2 | live 1
P    1 | sti r1 20 9
       | -> store to 20 + 9 = 29 (with pc and mod 2764)
P    3 | sti r1 20 9
       | -> store to 20 + 9 = 29 (with pc and mod 1399)
P    2 | sti r1 20 9
       | -> store to 20 + 9 = 29 (with pc and mod 34)
P    1 | and 16777216 -12 r1
P    3 | and 16777216 -12 r1
P    2 | and 16777216 -12 r1
P    1 | ld 16777216 r1
P    3 | ld 16777216 r1
P    2 | ld 16777216 r1
P    1 | live 0
P    3 | live 0
P    2 | live 0
P    1 | zjmp -5 FAILED
P    3 | zjmp -5 FAILED
P    2 | zjmp -5 FAILED
P    1 | live 0
P    3 | live 0
P    2 | live 0
P    3 | live 1
P    2 | live 1
P    1 | live 1
P    3 | sti r1 20 9
       | -> store to 20 + 9 = 29 (with pc and mod 2764)
P    2 | sti r1 20 9
       | -> store to 20 + 9 = 29 (with pc and mod 1399)
P    1 | sti r1 20 9
       | -> store to 20 + 9 = 29 (with pc and mod 34)
P    3 | and 16777216 -12 r1
P    2 | and 16777216 -12 r1
P    1 | and 16777216 -12 r1
P    3 | ld 16777216 r1
P    2 | ld 16777216 r1
P    1 | ld 16777216 r1
P    3 | live 0
P    2 | live 0
P    1 | live 0
P    3 | zjmp -5 FAILED
P    2 | zjmp -5 FAILED
P    1 | zjmp -5 FAILED
P    3 | live 0
P    2 | live 0
P    1 | live 0
P    2 | live 1
P    1 | live 1
P    3 | live 1
P    2 | sti r1 20 9
       | -> store to 20 + 9 = 29 (with pc and mod 2764)
P    1 | sti r1 20 9
       | -> store to 20 + 9 = 29 (with pc and mod 1399)
P    3 | sti r1 20 9
       | -> store to 20 + 9 = 29 (with pc and mod 34)
P    2 | and 16777216 -12 r1
P    1 | and 16777216 -12 r1
P    3 | and 16777216 -12 r1
P    2 | ld 16777216 r1
P    1 | ld 16777216 r1
P    3 | ld 16777216 r1
P    2 | live 0
P    1 | live 0
P    3 | live 0
P    2 | zjmp -5 FAILED
P    1 | zjmp -5 FAILED
P    3 | zjmp -5 FAILED
P    2 | live 0
P    1 | live 0
P    3 | live 0
P    1 | live 1
P    3 | live 1
P    2 | live 1
P    1 | sti r1 20 9
       | -> store to 20 + 9 = 29 (with pc and mod 2764)
P    3 | sti r1 20 9
       | -> store to 20 + 9 = 29 (with pc and mod 1399)
P    2 | sti r1 20 9
       | -> store to 20 + 9 = 29 (with pc and mod 34)
P    1 | and 16777216 -12 r1
P    3 | and 16777216 -12 r1
P    2 | and 16777216 -12 r1
P    1 | ld 16777216 r1
P    3 | ld 16777216 r1
P    2 | ld 16777216 r1
P    1 | live 0
P    3 | live 0
P    2 | live 0
P    1 | zjmp -5 FAILED
P    3 | zjmp -5 FAILED
P    2 | zjmp -5 FAILED
P    1 | live 0
P    3 | live 0
P    2 | live 0
P    3 | live 1
P    2 | live 1
P    1 | live 1
P    3 | sti r1 20 9
       | -> store to 20 + 9 = 29 (with pc and mod 2764)
P    2 | sti r1 20 9
       | -> store to 20 + 9 = 29 (with pc and mod 1399)
P    1 | sti r1 20 9
       | -> store to 20 + 9 = 29 (with pc and mod 34)
P    3 | and 16777216 -12 r1
P    2 | and 16777216 -12 r1
P    1 | and 16777216 -12 r1
P    3 | ld 16777216 r1
P    2 | ld 16777216 r1
P    1 | ld 16777216 r1
P    3 | live 0
P    2 | live 0
P    1 | live 0
P    3 | zjmp -5 FAILED
P    2 | zjmp -5 FAILED
P    1 | zjmp -5 FAILED
P    3 | live 0
P    2 | live 0
P    1 | live 0
P    2 | live 1
P    1 | live 1
P    3 | live 1
P    2 | sti r1 20 9
       | -> store to 20 + 9 = 29 (with pc and mod 2764)
P    1 | sti r1 20 9
       | -> store to 20 + 9 = 29 (with pc and mod 1399)
P    3 | sti r1 20 9
       | -> store to 20 + 9 = 29 (with pc and mod 34)
P    2 | and 16777216 -12 r1
P    1 | and 16777216 -12 r1
P    3 | and 16777216 -12 r1
P    2 | ld 16777216 r1
P    1 | ld 16777216 r1
P    3 | ld 16777216 r1
P    2 | live 0
P    1 | live 0
P    3 | live 0
P    2 | zjmp -5 FAILED
P    1 | zjmp -5 FAILED
P    3 | zjmp -5 FAILED
P    2 | live 0
P    1 | live 0
P    3 | live 0
P    1 | live 1
P    3 | live 1
P    2 | live 1
P    1 | sti r1 20 9
       | -> store to 20 + 9 = 29 (with pc and mod 2764)
P    3 | sti r1 20 9
       | -> store to 20 + 9 = 29 (with pc and mod 1399)
P    2 | sti r1 20 9
       | -> store to 20 + 9 = 29 (with pc and mod 34)
P    1 | and 16777216 -12 r1
P    3 | and 16777216 -12 r1
P    2 | and 16777216 -12 r1
P    1 | ld 16777216 r1
P    3 | ld 16777216 r1
P    2 | ld 16777216 r1
P    1 | live 0
P    3 | live 0
P    2 | live 0
P    1 | zjmp -5 FAILED
P    3 | zjmp -5 FAILED
P    2 | zjmp -5 FAILED
P    1 | live 0
P    3 | live 0
P    2 | live 0
P    3 | live 1
P    2 | live 1
P    1 | live 1
P    3 | sti r1 20 9
       | -> store to 20 + 9 = 29 (with pc and mod 2764)
P    2 | sti r1 20 9
       | -> store to 20 + 9 = 29 (with pc and mod 1399)
P    1 | sti r1 20 9
       | -> store to 20 + 9 = 29 (with pc and mod 34)
P    3 | and 16777216 -12 r1
P    2 | and 16777216 -12 r1
P    1 | and 16777216 -12 r1
P    3 | ld 16777216 r1
P    2 | ld 16777216 r1
P    1 | ld 16777216 r1
P    3 | live 0
P    2 | live 0
P    1 | live 0
P    3 | zjmp -5 FAILED
P    2 | zjmp -5 FAILED
P    1 | zjmp -5 FAILED
P    3 | live 0
P    2 | live 0
P    1 | live 0
P    2 | live 1
P    1 | live 1
P    3 | live 1
P    2 | sti r1 20 9
       | -> store to 20 + 9 = 29 (with pc and mod 2764)
P    1 | sti r1 20 9
       | -> store to 20 + 9 = 29 (with pc and mod 1399)
P    3 | sti r1 20 9
       | -> store to 20 + 9 = 29 (with pc and mod 34)
P    2 | and 16777216 -12 r1
P    1 | and 16777216 -12 r1
P    3 | and 16777216 -12 r1
P    2 | ld 16777216 r1
P    1 | ld 16777216 r1
P    3 | ld 16777216 r1
P    2 | live 0
P    1 | live 0
P    3 | live 0
P    2 | zjmp -5 FAILED
P    1 | zjmp -5 FAILED
P    3 | zjmp -5 FAILED
P    2 | live 0
P    1 | live 0
P    3 | live 0
Contestant 3, "zork
      .lll", has won !
